0.58895
1.1661
1.0955
0.17116
0.31711
0.8681
0.47677
1.1249
-0.038138
0.70092
0.58395
1.288
-0.45838
0.40048
0.43413
-1.0941
1.1962
2.1922
0.25187
0.58312
0.1036
0.64518
0.15768
0.33507
1.4323
-0.1405
0.032606
0.35157
0.31549
1.3182
1.6959
-0.22406
-0.008951
0.73205
0.15713
1.6714
1.4436
0.75663
0.75958
0.18411
0.88718
1.1193
0.49032
1.6301
0.82784
0.32975
0.63666
1.0996
0.14599
0.34548
1.9141
0.097655
1.0037
0.92196
1.4137
0.73558
-1.1727
-0.14388
0.72647
0.56445
1.652
1.2972
0.71696
0.45284
-0.58788
1.5886
0.4855
-0.5863
0.67642
0.46568
0.036139
0.71456
-0.051369
-0.45999
-0.71918
0.1679
-6.4351e-05
0.6808
-0.55863
0.26715
-0.56022
1.5546
0.32538
1.1823
0.71576
0.97965
-0.33635
1.2023
1.3267
-0.92493
0.28741
-0.016006
0.49986
-0.14241
0.57802
0.78093
0.55612
0.3245
-0.4226
0.43672
0.067663
-0.41598
0.36413
0.26623
0.52255
1.0331
0.76762
1.233
-0.065272
-0.15157
0.33944
1.2824
1.2317
0.31974
0.019215
-0.57012
0.82861
0.41457
-0.35139
0.18655
-0.76713
0.67432
0.289
1.4407
-0.46727
1.0191
0.49164
0.4527
0.85721
1.1614
-0.2833
1.2414
-0.37194
-0.28525
-0.02907
0.86984
-0.2826
0.61354
0.66277
0.49832
0.7538
-0.34824
1.0428
0.47242
0.86575
-0.22745
0.43319
0.95988
1.047
0.34619
-0.78249
-0.29973
0.53948
0.9067
0.69546
0.0091632
1.8318
0.44616
0.95217
0.1348
-0.31129
0.83717
1.062
1.5625
0.062524
-0.63859
1.4318
0.56851
-0.31908
0.043265
-0.11602
1.1407
0.77774
0.55486
0.55342
-0.12409
1.0336
0.62099
0.23341
0.28216
0.3351
-0.1659
0.87297
1.2882
1.9783
0.72148
-0.12471
0.52822
-0.24246
0.0088177
-0.020396
-0.13157
0.64127
-0.31155
0.82568
0.90739
1.0619
0.38697
0.79487
1.5503
0.43381
0.28651
1.5308
-1.2005
0.10871
1.9505
0.099229
0.04253
-0.38244
0.90587
-0.94607
-0.10999
0.76171
0.39908
0.79804
0.48066
0.83437
-0.42133
0.53913
-0.59942
0.89971
0.20187
0.81807
0.057114
0.60966
1.0725
-0.86298
-0.79133
-0.76898
0.94137
0.6585
-0.048143
1.3563
0.48791
-0.61234
-0.25018
-0.48373
1.0092
0.016506
-0.34763
0.031824
-0.13361
0.94417
0.70452
0.59287
0.66525
0.42742
-0.20534
0.74553
-0.12385
-0.28384
-0.28523
0.95474
1.0259
-0.72207
0.30552
0.56073
0.010596
0.88548
0.56232
0.3025
0.044391
0.83191
0.94182
0.6994
0.24703
0.98756
-0.17856
0.49215
1.2909
0.27898
-0.13834
1.6398
0.24247
0.68174
-0.11268
0.58348
0.69794
0.40291
0.60803
1.1685
-0.49578
0.53114
-0.87031
0.41812
1.6316
1.0004
0.39558
0.18421
0.73702
1.0743
0.4094
1.4302
-0.12049
-0.8745
-0.07732
0.27285
0.16219
-0.14059
1.2531
-0.63115
0.086237
-0.21838
0.097535
-0.02499
0.70519
-0.26416
-0.12355
0.46452
1.0915
-0.78312
1.5482
-0.16037
0.81323
1.0696
1.2441
0.069943
0.41551
0.29642
0.013609
0.57334
0.6288
0.17524
0.48444
2.1057
0.39517
0.85315
0.10492
0.063232
0.1794
0.76017
-0.11135
-0.78212
0.43395
0.12158
0.57864
0.45398
0.86515
0.97465
-0.44571
-0.57263
0.72054
0.59547
-0.19915
1.1894
0.42106
0.47883
0.57476
0.88113
1.3726
0.23287
-0.70412
1.0466
-0.19186
1.1934
0.023927
1.3515
-0.11419
-0.3098
1.0105
-0.46958
0.83419
0.67932
0.3086
0.18211
1.7128
0.16106
0.27866
-0.19888
-0.11896
0.027671
1.4906
0.15093
-0.040238
0.11405
0.85575
-0.43939
0.80008
-0.44932
0.31652
-0.7655
0.7419
0.84202
-0.038633
0.6026
0.50389
1.1395
0.48191
1.0631
0.3255
-0.013591
0.37577
0.27284
0.96247
0.36418
-0.13668
0.30121
1.1583
0.1353
-0.020175
1.0278
0.46458
0.16861
-0.071347
-0.54409
0.49785
0.19775
0.60346
-0.52923
1.2433
0.71082
-0.59945
1.0744
0.025146
0.59281
0.54001
-0.16026
-1.4255
0.74167
0.18179
0.018587
0.66725
-0.039993
0.8282
0.49627
-0.23243
0.93387
0.70272
1.1988
-0.16946
-0.17115
0.59989
0.82554
0.92831
0.40415
0.24951
0.81648
1.6533
0.96433
0.45393
0.03348
0.71882
0.091158
0.55212
0.8965
0.98965
0.77521
1.2791
1.581
-0.81064
-0.73474
-0.18861
-0.87461
0.17218
0.18539
0.55976
0.58256
-0.037752
-0.11887
0.90616
0.15633
-0.47478
0.40658
0.53023
0.13778
0.82333
0.54404
0.26421
0.37191
0.6923
0.11839
-0.27302
0.30074
0.48239
0.725
0.38078
0.10822
0.78044
0.32757
0.91485
0.34271
0.39599
0.3414
-0.18772
-0.19136
-0.21323
1.5387
0.27229
0.99995
0.62275
1.5862
0.99144
-0.38276
0.19123
0.96884
0.58385
1.8451
0.36945
-0.59004
0.68331
2.3067
3.143
4.038
3.3681
3.3607
2.9284
2.9726
3.0103
0.66472
3.4422
3.9616
1.971
1.7758
3.6403
1.7884
1.6388
3.7865
2.5307
4.1831
1.9757
2.5655
3.3103
3.578
3.5069
3.2666
2.9001
2.596
3.518
2.7634
3.4668
4.0464
1.143
4.67
2.5501
4.2454
4.45
1.822
3.2539
6.1158
2.9133
3.5231
3.3879
4.2031
4.0488
2.2765
2.7185
3.3986
3.0492
5.3056
3.4816
3.4807
2.3712
1.9624
3.7909
2.9284
3.6648
2.3766
3.8795
1.5222
4.4631
3.8365
3.1958
2.0898
2.7541
3.3213
4.1508
2.2008
4.2269
5.5084
2.669
3.5079
2.5281
1.6061
4.3794
3.7039
2.6557
3.1987
2.9001
1.8282
0.5922
3.0587
2.6976
2.5983
2.364
1.5189
2.6461
3.2405
2.1762
3.492
2.8626
3.0117
1.8566
2.4349
3.4568
2.4127
3.2406
4.8209
3.7919
4.0026
5.1536
4.1227
3.4461
4.7977
2.3129
2.5065
4.856
3.4953
3.0634
3.4986
2.8702
2.846
2.7635
2.618
2.2789
3.0479
2.6
4.3545
3.3049
3.9887
2.9783
3.029
4.1947
4.3777
3.1287
4.5726
3.5139
3.4206
5.0072
4.4361
3.8894
3.45
2.6316
2.9998
4.6852
1.3412
2.5458
2.9357
3.229
1.5479
3.5603
3.7349
2.282
2.8744
2.0441
4.5135
3.425
2.8817
2.2948
3.1858
4.5654
3.3395
3.4074
2.0556
3.2445
3.7753
1.8981
4.0817
5.2451
1.7445
1.3019
3.0368
3.7605
3.0289
2.9621
3.1057
2.1737
1.6697
4.476
3.3546
2.0667
4.0361
1.9712
2.9941
3.7445
2.3685
2.7959
3.1258
4.7987
3.4994
2.7526
2.9039
2.8561
4.2369
2.8526
2.4112
3.3094
3.0177
3.7902
3.9348
4.0458
3.6631
3.6504
4.756
2.0907
2.7978
1.6252
3.8999
3.1187
2.8396
1.6026
3.2596
2.874
1.9213
2.093
2.437
2.8822
1.6655
2.9417
3.6357
2.7723
2.4927
3.3646
4.058
2.7114
2.6939
1.8508
2.2493
3.6272
3.0011
3.7652
3.6828
3.427
3.767
4.4255
3.6019
3.4706
3.0626
2.0192
2.6607
3.3835
2.133
3.5073
3.3807
3.187
3.3623
3.1207
3.0808
3.0924
3.9087
3.0213
0.80205
2.677
3.2705
3.935
4.301
2.2809
3.762
3.307
2.9187
3.1215
3.0756
3.2221
3.3067
2.5157
2.1908
3.9403
2.9088
4.3307
2.2959
2.5831
4.3366
4.3247
2.2047
3.2797
4.2668
4.2595
1.9821
4.5081
3.6757
3.2978
2.9037
2.2595
3.1827
2.8766
5.1099
3.2654
2.9491
3.0878
2.5669
4.9026
3.6542
3.1652
4.0773
3.0712
3.015
2.6157
2.5645
4.4961
3.7686
3.1756
4.5829
3.1206
3.3524
1.8646
3.5135
1.8407
2.2401
3.926
3.4056
2.3411
2.7536
3.3231
3.2914
1.6109
2.0509
1.5575
3.0369
1.6025
3.7107
2.2252
2.1373
4.6579
4.9814
2.3872
3.0678
4.8079
2.6299
4.5943
3.8133
3.1483
2.7928
4.5731
3.7187
2.5495
3.4417
2.3361
3.2296
4.4328
3.5627
2.439
3.4028
2.4929
4.8569
1.5394
2.5262
3.7712
2.3863
3.1156
3.6695
4.1943
2.2934
2.9522
2.6896
3.0006
3.4215
2.5618
3.7961
3.4713
2.689
3.3401
3.9563
3.9641
3.6814
3.0434
2.5605
3.295
2.6944
2.8111
3.9046
4.359
3.6184
4.8865
1.7695
3.1197
3.1829
4.5047
3.5361
2.8182
3.5822
3.659
3.2589
1.336
3.9901
0.062158
3.1953
1.7503
2.791
4.3168
2.6532
4.7681
3.7773
2.8856
2.3139
2.6685
3.4258
1.0375
3.6351
3.3432
3.8125
4.8814
2.8183
2.2469
4.1263
3.8783
2.9756
2.5836
3.3166
2.117
3.1575
2.545
2.3872
3.9422
3.1264
4.2755
2.1548
3.309
2.1898
3.6383
4.2355
3.9905
1.2595
3.6931
3.1076
3.3908
2.6237
1.6635
3.8768
2.6588
2.8131
3.2465
5.3071
5.0956
1.9527
2.6875
3.9591
1.2963
4.1824
2.8257
4.3175
2.3345
2.2974
5.1137
3.6116
2.8305
2.2013
4.06
3.3977
1.1302
2.3141
5.6841
3.0898
1.3603
2.3274
2.7347
3.7043
2.9584
3.1884
3.0845
2.2645
4.1204
2.7822
2.6968
3.2697
3.0418
2.6462
3.2106
4.9384
3.5709
2.53
2.3435
2.8921
1.7288
4.6885
3.2777
2.0878
3.2049
1.8441
3.6067
2.9421
3.1366
3.4148
3.8428
2.3955
1.8236
3.0096
2.384
3.4698
1.4863
3.847
3.3666
2.1329
2.824
3.829
5.2112
2.7945
4.3024
2.3512
3.28
2.9195
3.396
2.6666
1.8633
2.8644
3.4825
2.6596
2.9396
3.4498
3.5692
2.4617
2.8665
6.6554
6.311
5.2401
7.0875
5.7066
5.6543
5.1918
6.0301
6.0345
5.8941
5.5644
5.0406
8.0219
7.0575
5.871
6.0267
6.329
6.0923
5.7361
6.6959
5.3738
7.3487
4.9751
5.8937
6.6567
6.1752
5.1411
6.6881
6.2041
5.5803
6.3576
6.5824
7.4936
6.0402
5.9123
5.778
4.8706
6.4326
4.7894
5.9279
5.9245
6.6392
4.3321
6.6857
5.7687
5.2751
6.0944
6.2489
5.8294
5.1625
6.8697
6.2259
5.649
6.876
6.3342
5.2914
6.4962
4.9546
5.4251
6.1967
6.3624
6.145
4.8668
6.6223
6.905
6.8447
5.7361
5.8487
5.4509
6.2596
6.2608
5.6078
6.6866
6.6436
6.5192
5.6193
5.2461
6.5161
7.0233
5.2769
4.6913
7.0162
6.0607
6.8514
6.7287
5.3226
5.8245
5.5673
6.2146
6.8441
6.1357
4.7602
6.8881
6.1017
5.8068
4.7582
6.3385
6.2564
6.316
5.4122
5.6342
5.5154
7.2404
5.5766
5.9745
5.5321
6.681
6.0922
6.1465
6.6993
6.5308
6.6014
4.7394
6.2403
6.7165
6.3233
6.6753
7.4532
6.8966
5.3834
5.5704
6.0223
5.69
6.0496
6.8835
5.761
5.9175
5.9548
6.5303
6.7615
6.0046
5.8977
6.6956
6.5614
6.4114
8.1837
6.1202
6.3177
6.0467
6.4933
5.7651
6.7429
7.2669
6.1544
6.0564
5.7405
5.7979
5.0132
6.0657
5.5377
6.9012
6.1994
6.135
6.9922
4.9672
6.3103
5.4251
5.6896
6.2649
6.6689
5.5663
6.4529
7.0304
5.5545
5.4671
6.0925
6.4999
6.101
5.5792
6.1735
6.2321
5.8164
5.3852
6.3777
6.1109
5.8684
5.6973
5.7808
5.5468
5.4365
6.9073
5.946
4.9969
5.7885
6.7765
5.7567
7.2339
5.6027
5.6196
5.4409
6.8425
5.7299
6.3662
5.0486
5.7347
6.5206
5.2831
6.132
6.4499
7.2346
6.509
6.704
5.874
5.7307
6.136
5.5301
6.8158
6.595
6.714
6.9043
6.0312
5.7318
6.4353
6.8349
6.6476
6.7032
7.0609
6.2884
6.8682
6.0924
6.6037
5.2046
7.0838
4.9677
6.2312
5.8791
5.3606
6.3142
6.312
7.0003
6.1873
6.4685
6.2551
7.0363
6.8213
6.1068
6.1793
7.2352
5.9472
6.6474
5.5396
5.6139
6.6504
6.5136
6.775
5.696
6.7494
6.2097
6.0697
7.1776
7.0168
4.6639
6.3274
5.5576
5.9089
5.6954
7.1364
6.8918
6.4542
6.5488
6.3923
6.5364
6.2603
5.9861
6.4239
5.9023
5.8484
5.9279
6.0438
6.1051
7.7152
5.3196
5.4163
6.257
6.0677
5.6342
6.3086
6.5804
5.364
5.8398
5.2784
6.1533
6.2045
6.5355
5.4069
6.2898
6.0086
6.988
6.2957
5.7573
5.9539
5.7579
7.018
5.7739
5.0749
5.9716
6.8295
6.5232
6.2047
7.239
5.7251
6.2653
5.5438
5.5973
5.8803
6.5132
7.4105
6.6097
5.4167
5.9691
5.7463
5.9131
6.8529
6.3408
6.7326
6.485
5.5942
6.6938
5.2385
6.6102
6.4825
6.802
5.1943
5.9701
6.1114
6.164
6.6591
6.547
6.516
6.2139
7.1692
5.8926
6.1645
5.7321
6.0607
6.5629
5.317
6.2218
5.6312
6.603
4.8462
4.8524
7.1362
6.0047
4.8443
5.0243
6.0445
6.2961
6.3153
6.7807
6.3124
6.0531
6.7684
7.4135
6.117
5.9466
6.7625
5.7764
5.1538
6.0321
6.2565
6.193
5.3867
5.7192
5.6665
6.7093
6.0166
6.5143
6.4818
5.9772
4.8363
6.3315
6.5491
5.6199
6.0892
5.8182
7.1854
6.0805
6.2301
5.4315
5.6309
5.2346
6.5648
6.4874
5.5716
7.9422
6.6864
6.3589
7.3225
4.5334
6.0419
6.0843
6.2276
5.4376
6.4377
4.6856
6.1685
6.38
6.0738
6.3324
5.6128
6.4506
5.861
5.0415
5.9021
5.7045
5.4463
6.4222
6.1258
5.9375
5.7506
7.1696
6.8483
5.9794
6.1552
7.065
7.244
6.8034
5.8921
5.7282
6.5795
5.549
5.4168
5.8734
6.7098
6.2016
6.2563
6.8176
6.2497
5.3736
6.6372
6.4039
6.0436
5.8365
5.7526
6.0847
5.5893
5.7732
5.1516
5.7691
5.6577
6.4685
7.0282
6.7606
6.7678
6.5314
6.4487
6.5785
5.6344
6.6316
5.3354
6.4948
5.5689
5.4809
5.8107
5.2689
6.1102
6.8086
5.9409
6.4162
6.2034
6.8731
5.999
6.2869
7.6743
6.8313
5.5042
6.8144
5.5104
6.1063
6.2846
6.655
5.8466
6.4431
7.229
4.8844
5.4131
6.8623
5.9125
6.0756
6.6894
7.5182
5.2694
5.5201
6.0506
6.1003
6.1682
5.9007
6.8781
5.5197
6.2301
6.7314
6.3394
5.7031
6.1769
5.8975
5.7174
6.9633
5.9739
5.7313