1.7453
2.8646
2.4456
2.2959
0.76159
1.4608
2.6616
2.2714
1.8083
2.3241
2.1842
1.14
1.5946
0.35677
3.0281
0.99787
1.4138
2.2301
1.3283
1.9369
1.3748
1.9974
1.8538
2.7707
1.2677
2.7363
1.7593
2.7587
1.6878
3.0916
1.8596
1.9906
0.84909
2.0093
1.2524
2.3873
1.9512
1.5205
3.0343
1.7066
1.337
1.8111
2.0502
1.3641
1.1338
0.88316
1.8153
1.2906
1.6594
2.1048
2.6609
2.7585
1.8547
2.3572
0.59398
2.2492
2.0885
1.6451
2.4754
1.2212
2.2643
1.6197
0.59308
2.4106
1.9657
1.002
1.7542
1.891
1.7948
2.4973
1.5335
2.7279
2.5636
1.2754
1.9288
1.8784
1.327
1.8305
1.7514
0.91618
3.5607
2.1602
1.9394
2.6186
0.52303
3.2329
-0.31412
1.3123
1.8996
0.56342
1.3674
2.8736
1.9709
2.2243
1.9752
2.4294
1.7362
0.89372
2.4369
1.3457
1.2868
0.75685
1.7265
3.3139
1.961
1.0724
1.5736
1.8837
2.3224
0.99872
2.0499
4.0143
1.7432
1.9064
1.6259
1.1774
2.3231
2.2434
1.7365
2.1734
1.5471
1.5178
2.0695
0.57993
2.9735
2.3975
1.6618
1.3264
2.1335
3.4638
2.1377
1.0415
3.1095
1.353
1.2721
1.715
1.6479
1.6697
1.4152
0.93354
2.2351
2.1249
1.561
2.5342
3.7369
1.8142
1.035
2.1081
2.9765
3.039
2.1733
1.7745
0.44753
3.3359
1.9791
1.6052
2.033
2.7826
1.8501
2.1554
2.7835
1.1469
1.5126
1.8712
2.4435
1.6926
0.98832
2.7755
1.3871
1.556
2.7614
2.5947
2.0672
1.89
0.6673
1.3416
1.8044
1.918
2.0925
1.8606
1.7655
1.9119
1.2184
1.7945
1.2015
2.2137
2.024
0.96126
1.5057
2.6769
1.2034
3.152
2.3578
0.95831
3.058
0.4771
2.5496
2.2447
2.2241
3.2845
1.3108
2.1767
1.8659
1.4652
0.67066
2.7121
2.2357
2.2816
2.6716
1.7221
2.1555
2.4349
2.0643
2.9184
0.98558
2.1543
1.1695
1.0098
1.2938
2.4048
1.0226
2.7133
2.0744
1.3058
2.6901
1.4881
1.6277
2.1279
1.8395
3.0992
1.51
2.9333
2.2199
2.2838
1.6506
2.7473
2.0473
1.9948
1.5259
2.5725
0.92533
1.3334
2.3744
2.3189
1.7447
1.4021
0.79434
4.5071
1.3501
1.7487
1.363
2.0416
1.796
0.65008
0.78372
1.4826
2.9944
1.5752
2.3083
2.3867
2.7595
2.4911
2.3439
2.3054
2.0618
3.574
2.3187
1.7218
1.6435
2.8635
2.4734
1.5098
1.7569
1.2424
1.6043
2.0177
1.4437
1.4862
1.1432
2.1667
1.7559
0.85864
2.2366
2.5115
0.92025
1.2014
1.3879
-0.21208
2.0177
2.3953
2.8073
3.1892
1.3229
0.91407
1.4153
2.8264
2.2011
1.4281
0.7804
2.5077
1.7133
1.0949
2.1712
1.5874
2.2273
1.2915
2.6979
1.3154
1.9829
1.496
2.5011
1.587
2.8554
1.1489
2.8699
2.0903
2.1633
1.1458
2.1252
3.177
2.5735
1.6168
2.414
1.4358
1.7727
2.6895
1.932
2.5207
1.6165
1.5142
2.8432
1.5285
1.8948
2.2408
1.6752
1.2416
1.251
0.80575
1.7689
1.5618
1.5833
1.9942
2.0422
2.1939
0.17292
1.2586
2.0675
3.0525
2.6565
1.9615
1.2845
2.623
2.0818
2.6818
1.8802
1.6134
2.0968
1.6943
3.4398
1.7547
1.5405
1.0414
1.9614
0.66256
2.9636
2.6978
1.8158
1.1896
2.8143
1.3124
1.9794
2.0456
1.4703
1.5692
2.4966
2.0655
2.7513
2.1236
0.58344
0.98726
1.8467
2.7636
2.4295
1.205
1.8799
1.1267
1.2158
2.1801
1.5789
1.3425
0.95123
3.6068
1.6414
2.4376
2.1998
3.0185
2.5918
1.9691
1.2152
2.9523
5.8518
4.6951
6.0589
4.3799
4.2658
5.2085
5.4928
4.2924
5.6797
4.623
4.3833
4.2034
5.4118
5.6745
5.6061
4.563
4.3658
5.62
4.2544
3.9386
3.6791
5.7239
5.7324
4.5912
4.3286
5.1566
4.0468
4.2557
4.4788
4.1817
3.9454
5.8627
6.0579
2.602
4.9706
4.272
3.0558
4.3931
3.6401
4.6548
4.7531
5.0598
6.3427
3.4704
4.8749
6.641
6.3545
4.4082
3.7832
6.1268
4.554
4.3551
4.3703
3.9507
4.6108
3.4796
3.5903
3.9472
5.3198
4.2053
4.6041
5.1288
3.2447
4.2198
5.1166
5.206
3.6044
4.5807
5.0051
6.2113
5.1428
5.2556
4.7931
2.1473
3.8943
6.857
4.4621
6.0625
6.3067
5.2418
5.3753
6.7725
5.0703
5.0954
4.2434
4.2053
3.7842
4.3411
6.1683
3.9878
5.8488
3.8176
3.857
4.5629
5.9077
3.5266
2.3223
4.156
4.425
3.3945
4.125
3.9373
5.3337
4.8296
5.6575
3.781
4.6453
3.343
4.3254
4.518
4.0677
5.333
5.3369
4.9689
5.3306
5.0325
4.684
5.1865
4.8322
5.7931
5.6373
4.0557
3.8782
4.3701
4.1721
3.5254
3.6319
6.4024
5.8387
5.0861
3.6215
4.8812
3.6912
4.5308
5.7824
3.674
4.9853
5.184
4.817
3.5618
4.8359
5.1598
5.3421
3.9013
4.0355
4.2601
5.9288
4.3841
6.4538
5.4724
4.1233
4.0677
5.2346
6.0214
3.1982
5.3927
3.4196
4.6667
5.3178
3.7892
2.4484
5.3819
2.708
5.3364
3.9535
4.4568
3.811
5.5938
3.2416
4.5173
7.1514
4.1557
4.2262
6.0402
6.1584
3.4622
4.6852
5.0956
4.2552
4.0773
3.101
4.9254
5.6516
4.9418
4.9103
6.4974
4.097
3.5874
4.5768
3.268
4.1231
6.0831
3.8962
2.519
3.5449
3.2885
4.8624
4.5847
4.586
5.1874
5.9505
3.817
5.5722
5.0983
4.0409
5.2562
6.0594
6.313
3.6617
3.3117
4.1367
4.0169
3.9116
3.81
4.0966
6.4699
4.9624
3.682
5.6052
5.3286
5.1284
4.6918
4.1888
4.1355
3.739
3.8655
2.5522
5.2037
3.8946
4.7478
3.9559
4.6815
5.2892
4.9082
4.4287
2.8942
4.4713
4.8001
3.8577
3.4322
4.7024
6.359
4.1157
6.6129
4.9876
4.3866
4.3507
4.2678
4.6938
3.3215
3.8109
3.4092
4.4749
4.532
5.0027
4.3401
4.2781
2.7991
5.859
2.6956
6.6133
3.988
3.5421
5.1227
5.8214
5.5091
5.0319
4.5554
3.8999
4.5145
4.5677
4.6559
5.3937
4.0456
5.6225
4.7391
3.343
5.1879
5.4773
3.2886
4.4426
5.4099
3.9322
4.5846
4.0039
3.5049
4.4724
3.0225
4.2077
4.5799
4.4659
4.9124
3.8801
5.8438
4.7975
6.0885
2.6112
3.7195
4.8011
3.5828
5.3851
2.2802
3.8183
5.6103
3.5204
4.9268
5.5522
6.0993
4.2623
6.7038
4.1558
6.0923
2.9915
3.4801
3.1635
2.4712
5.0912
5.0034
4.8798
4.8037
2.7833
5.7184
3.7677
4.9809
5.1076
4.7889
5.276
4.717
5.0475
3.8553
3.4706
4.1702
3.6916
5.0059
4.2831
4.788
5.0092
5.1471
4.7083
4.439
4.1095
3.073
4.5359
4.1474
4.9872
5.1742
4.1135
3.5497
5.032
4.3848
5.8715
5.4681
4.5032
3.0273
4.8289
3.9676
4.1941
4.069
3.7522
3.3879
4.5736
4.3821
6.014
4.0289
3.878
4.771
5.3932
5.8051
4.1247
4.3065
4.8817
4.578
4.0728
5.2167
4.7142
5.3513
4.4063
5.296
5.2695
4.3679
3.3831
5.0156
4.5347
5.7048
4.3639
4.9606
4.5423
4.0615
4.5775
5.0267
4.3495
4.1142
5.2039
3.7598
3.3192
4.7028
3.5189
3.1819
4.6966
5.1153